1 1 1 1 1 1 1 1 1 1 1 1 1 1 1 1 1 1 1 1 1 1 1 1 1 1 1 1 1 1 1 1 1 1 1 1 1 1 1 1 1 1 1 1 1 1 1 1 1 1 1 1 1 1 1 1 1 1 1 1 1 1 1 1 1 1 1 1 1 1 1 1 1
1 1 1 1 1 1 1 1 1 1 1 1 1 1 1 1 1 1 1 1 1 1 1 1 1 1 1 1 1 1 1 1 1 1 1 1 1 1 1 1 1 1 1 1 1 1 1 1 1 1 1 1 1 1 1 1 1 1 1 1 1 1 1 1 1 1 1 1 1 1 1 1 1
1 1 9 2 2 9 2 2 9 2 2 9 2 2 9 9 2 2 9 2 2 9 2 2 9 2 2 9 2 2 9 2 2 2 2 1 1 1 9 2 2 9 2 2 9 2 2 9 2 2 9 2 2 9 2 2 9 2 2 9 2 2 9 2 2 9 9 2 2 2 2 1 1
1 1 2 2 2 2 2 2 2 2 2 2 2 2 2 2 2 2 2 2 2 2 2 2 2 2 2 2 2 2 2 2 2 2 2 1 1 1 2 2 2 2 2 2 2 2 2 2 2 2 2 2 2 2 2 2 2 2 2 2 2 2 2 2 2 2 2 2 2 2 2 1 1
1 1 2 2 5 2 5 2 5 2 5 2 5 2 5 2 5 2 5 2 5 2 5 2 5 2 5 2 5 2 2 2 5 2 2 1 1 1 2 2 5 2 5 2 5 2 5 2 5 2 5 2 5 2 5 2 5 2 5 2 5 2 5 2 5 2 2 2 5 2 2 1 1
1 1 9 2 2 2 2 2 2 2 2 2 2 2 2 9 2 5 2 2 2 2 2 2 2 2 2 2 2 2 9 2 2 2 2 1 1 1 9 2 2 2 2 2 2 2 2 2 2 2 2 2 2 9 2 5 2 2 2 2 2 2 2 2 2 2 9 2 2 2 2 1 1
1 1 2 2 5 2 2 2 2 2 2 2 2 2 2 2 2 2 2 2 2 2 2 2 2 2 2 2 2 2 2 2 5 2 2 1 1 1 2 2 5 2 2 2 2 2 2 2 2 2 2 2 2 2 2 2 2 2 2 2 2 2 2 2 2 2 2 2 5 2 2 1 1
1 1 2 2 2 2 2 3 3 3 3 3 3 3 3 2 2 5 2 2 3 3 3 3 3 3 3 3 3 3 2 2 2 2 2 1 1 1 2 2 2 2 2 3 3 3 3 3 3 3 3 3 3 2 2 5 2 2 3 3 3 3 3 3 3 3 2 2 2 2 2 1 1
1 1 9 2 5 2 2 3 3 3 3 3 3 3 3 9 2 2 2 2 3 3 3 3 3 3 3 3 3 3 9 2 5 2 2 1 1 1 9 2 5 2 2 3 3 3 3 3 3 3 3 3 3 9 2 2 2 2 3 3 3 3 3 3 3 3 9 2 5 2 2 1 1
1 1 2 2 2 2 2 3 3 3 3 3 3 3 3 2 2 5 2 2 3 3 3 3 3 3 3 3 3 3 2 2 2 2 2 1 1 1 2 2 2 2 2 3 3 3 3 3 3 3 3 3 3 2 2 5 2 2 3 3 3 3 3 3 3 3 2 2 2 2 2 1 1
1 1 2 2 6 2 2 3 3 3 3 3 3 3 3 2 2 2 2 2 3 3 3 3 3 3 3 3 3 3 2 2 5 2 2 1 1 1 2 2 5 2 2 3 3 3 3 3 3 3 3 3 3 2 2 2 2 2 3 3 3 3 3 3 3 3 2 2 6 2 2 1 1
1 1 9 2 2 2 2 3 3 3 3 3 3 3 3 9 2 5 2 2 3 3 3 3 3 3 3 3 3 3 9 2 2 2 2 1 1 1 9 2 2 2 2 3 3 3 3 3 3 3 3 3 3 9 2 5 2 2 3 3 3 3 3 3 3 3 9 2 2 2 2 1 1
1 1 2 2 5 2 2 3 3 3 3 3 3 3 3 2 2 2 2 2 3 3 3 3 3 3 3 3 3 3 2 2 5 2 2 1 1 1 2 2 5 2 2 3 3 3 3 3 3 3 3 3 3 2 2 2 2 2 3 3 3 3 3 3 3 3 2 2 5 2 2 1 1
1 1 9 2 2 9 2 2 9 2 2 9 2 2 9 9 2 2 9 2 2 9 2 9 9 2 2 9 2 2 9 2 2 9 2 2 9 2 9 2 2 9 2 2 9 9 2 2 9 2 2 9 2 9 2 2 9 2 2 9 2 2 9 2 2 9 9 2 2 2 2 1 1
1 1 2 2 5 2 2 2 2 2 2 2 2 2 2 2 2 2 2 2 2 2 2 2 2 2 2 2 2 2 2 2 5 2 2 2 2 2 2 2 5 2 2 2 2 2 2 2 2 2 2 2 2 2 2 2 2 2 2 2 2 2 2 2 2 2 2 2 5 2 2 1 1
1 1 2 2 2 5 2 5 2 5 2 5 2 5 2 2 2 5 2 5 2 5 2 2 2 5 2 5 2 5 2 5 2 5 2 5 2 5 2 5 2 5 2 5 2 2 2 5 2 5 2 5 2 5 2 5 2 5 2 5 2 5 2 5 2 5 2 5 2 2 2 1 1
1 1 9 2 5 2 2 2 2 2 2 2 2 2 2 9 2 2 2 2 2 2 2 9 2 2 2 2 2 2 2 2 2 2 2 2 2 2 2 2 2 2 2 2 2 9 2 2 2 2 2 2 2 2 2 2 2 2 2 2 2 2 2 2 2 2 9 2 5 2 2 1 1
1 1 2 2 2 2 2 2 2 2 2 2 2 2 2 2 2 5 2 2 2 2 2 2 2 5 2 2 2 2 2 2 2 2 2 2 2 2 2 2 2 2 2 2 2 2 2 5 2 2 2 2 2 2 2 5 2 2 2 2 2 2 2 2 2 2 2 2 2 2 2 1 1
1 1 2 2 5 2 2 3 3 3 3 3 3 3 3 2 2 2 2 2 3 3 3 2 2 2 2 2 3 3 3 3 3 3 3 3 3 3 3 3 3 3 3 3 3 2 2 2 2 2 3 3 3 2 2 2 2 2 3 3 3 3 3 3 3 3 2 2 5 2 2 1 1
1 1 9 2 2 2 2 3 3 3 3 3 3 3 3 9 2 5 2 2 3 3 3 9 2 5 2 2 3 3 3 3 3 3 3 3 3 3 3 3 3 3 3 3 3 9 2 5 2 2 3 3 3 2 2 5 2 2 3 3 3 3 3 3 3 3 9 2 2 2 2 1 1
1 1 2 2 5 2 2 3 3 3 3 3 3 3 3 2 2 2 2 2 3 3 3 2 2 2 2 2 3 3 3 3 3 3 3 3 3 3 3 3 3 3 3 3 3 2 2 2 2 2 3 3 3 2 2 2 2 2 3 3 3 3 3 3 3 3 2 2 5 2 2 1 1
1 1 9 2 2 9 2 2 9 2 2 9 2 2 9 9 2 5 2 2 3 3 3 9 2 2 9 2 2 9 9 2 2 2 2 3 3 3 9 9 2 2 9 2 2 9 2 5 2 2 3 3 3 9 2 9 2 9 2 2 9 2 2 9 2 2 9 2 2 2 2 1 1
1 1 2 2 5 2 2 2 2 2 2 2 2 2 2 2 2 2 2 2 3 3 3 2 2 2 2 2 2 2 2 2 2 2 2 3 3 3 2 2 2 2 2 2 2 2 2 2 2 2 3 3 3 2 2 2 2 2 2 2 2 2 2 2 2 2 2 2 5 2 2 1 1
1 1 2 2 2 5 2 5 2 5 2 5 2 5 2 2 2 5 2 2 3 3 3 2 2 5 2 5 2 5 2 5 2 2 2 3 3 3 2 2 2 5 2 5 2 5 2 5 2 2 3 3 3 2 2 5 2 5 2 5 2 5 2 5 2 5 2 5 2 2 2 1 1
1 1 2 2 2 2 2 2 2 2 2 2 2 2 2 9 2 2 2 2 3 3 3 2 2 2 2 2 2 2 9 2 2 2 2 3 3 3 9 2 2 2 2 2 2 2 2 2 2 2 3 3 3 9 2 2 2 2 2 2 2 2 2 2 2 2 2 2 2 2 2 1 1
1 1 2 2 2 2 2 2 2 2 2 2 2 2 2 2 2 5 2 2 3 3 3 2 2 2 2 2 2 2 2 2 2 2 2 3 3 3 2 2 2 2 2 2 2 2 2 2 2 2 3 3 3 2 2 5 2 2 2 2 2 2 2 2 2 2 2 2 2 2 2 1 1
1 1 1 1 1 1 1 1 1 1 1 1 1 1 1 2 2 2 2 2 3 3 3 3 3 3 3 3 3 3 2 2 2 2 2 3 3 3 2 2 2 2 2 3 3 3 3 3 3 3 3 3 3 2 2 2 2 2 1 1 1 1 1 1 1 1 1 1 1 1 1 1 1
1 1 1 1 1 1 1 1 1 1 1 1 1 1 1 9 2 5 2 2 3 3 3 3 3 3 3 3 3 3 9 2 2 2 2 3 3 3 9 2 2 2 2 3 3 3 3 3 3 3 3 3 3 9 2 5 2 2 1 1 1 1 1 1 1 1 1 1 1 1 1 1 1
2 2 2 2 2 2 2 2 2 2 2 2 2 1 1 2 2 2 2 2 3 3 3 3 3 3 3 3 3 3 2 2 2 2 2 3 3 3 2 2 2 2 2 3 3 3 3 3 3 3 3 3 3 2 2 2 2 2 1 1 2 2 2 2 2 2 2 2 2 2 2 2 2
2 2 2 2 2 2 2 2 2 2 2 2 2 1 1 2 2 5 2 2 3 3 3 9 2 2 9 2 9 2 9 2 9 9 9 9 9 9 9 2 2 9 2 9 2 9 2 2 2 2 3 3 3 2 2 5 2 2 1 1 2 2 2 2 2 2 2 2 2 2 2 2 2
2 2 2 2 2 2 2 2 2 2 2 2 2 1 1 9 2 2 2 2 3 3 3 2 2 2 2 2 2 2 2 2 9 9 9 9 9 2 2 2 2 2 2 2 2 2 2 2 2 2 3 3 3 9 2 2 2 2 1 1 2 2 2 2 2 2 2 2 2 2 2 2 2
2 2 2 2 2 2 2 2 2 2 2 2 2 1 1 2 2 5 2 2 3 3 3 2 2 2 2 2 2 2 2 2 9 9 9 9 9 2 2 2 2 2 2 2 2 2 2 2 2 2 3 3 3 2 2 5 2 2 1 1 2 2 2 2 2 2 2 2 2 2 2 2 2
2 2 2 2 2 2 2 2 2 2 2 2 2 1 1 2 2 2 2 2 3 3 3 9 2 2 2 2 2 2 2 2 9 9 9 9 9 2 2 2 2 2 2 2 2 9 2 2 2 2 3 3 3 2 2 2 2 2 1 1 2 2 2 2 2 2 2 2 2 2 2 2 2
2 2 2 2 2 2 2 2 2 2 2 2 2 1 1 9 2 5 2 2 3 3 3 2 2 2 2 2 2 2 2 2 9 9 9 9 9 2 2 2 2 2 2 2 2 2 2 2 2 2 3 3 3 9 2 5 2 2 1 1 2 2 2 2 2 2 2 2 2 2 2 2 2
1 1 1 1 1 1 1 1 1 1 1 1 1 1 1 2 2 2 2 2 3 3 3 9 2 2 2 2 3 3 3 3 4 4 4 4 4 4 4 4 4 3 3 3 3 2 2 2 2 2 3 3 3 2 2 2 2 2 1 1 1 1 1 1 1 1 1 1 1 1 1 1 1
1 1 1 1 1 1 1 1 1 1 1 1 1 1 1 2 2 5 2 2 3 3 3 2 2 2 2 2 3 3 3 3 9 9 9 9 9 2 2 2 2 3 3 3 3 9 2 2 2 2 3 3 3 9 2 5 2 2 1 1 1 1 1 1 1 1 1 1 1 1 1 1 1
8 9 2 2 9 2 2 9 2 2 9 2 2 9 2 9 2 2 9 2 2 9 2 9 2 2 2 2 3 3 2 2 2 2 2 2 2 2 2 2 2 2 2 3 3 2 2 2 2 2 2 2 2 9 2 2 9 2 2 9 2 2 9 2 2 9 2 9 2 2 2 2 7
8 2 2 2 2 2 2 2 2 2 2 2 2 2 2 2 2 5 2 2 2 2 2 2 2 2 2 2 3 3 9 9 9 9 9 9 9 9 9 2 2 2 2 3 3 2 2 2 2 2 2 2 2 2 2 5 2 2 2 2 2 2 2 2 2 2 2 2 2 2 2 2 7
8 2 2 2 2 2 2 2 2 2 2 2 2 2 2 2 2 2 2 2 2 2 2 2 2 2 2 2 3 3 2 2 2 2 2 2 2 2 2 2 2 2 2 3 3 9 2 2 2 2 2 2 2 2 2 2 2 2 2 2 2 2 2 2 2 2 2 2 2 2 2 2 7
8 2 2 2 2 2 2 2 2 2 2 2 2 2 2 9 2 5 2 2 2 2 2 9 2 2 2 2 3 3 2 2 2 2 2 2 2 2 2 2 2 2 2 3 3 2 2 2 2 2 2 2 2 9 2 5 2 2 2 2 2 2 2 2 2 2 2 2 2 2 2 2 7
8 2 2 2 2 2 2 2 2 2 2 2 2 2 2 2 2 2 2 2 2 2 2 2 2 2 2 2 3 3 2 2 2 2 2 2 2 2 2 2 2 2 2 3 3 2 2 2 2 2 2 2 2 2 2 2 2 2 2 2 2 2 2 2 2 2 2 2 2 2 2 2 7
1 1 1 1 1 1 1 1 1 1 1 1 1 1 1 2 2 5 2 2 3 3 3 2 2 2 2 2 3 3 3 3 3 3 3 3 3 3 3 3 3 3 3 3 3 9 2 2 2 2 3 3 3 2 2 5 2 2 1 1 1 1 1 1 1 1 1 1 1 1 1 1 1
1 1 1 1 1 1 1 1 1 1 1 1 1 1 1 9 2 2 2 2 3 3 3 9 2 2 2 2 3 3 3 3 3 3 3 3 3 3 3 3 3 3 3 3 3 2 2 2 2 2 3 3 3 9 2 2 2 2 1 1 1 1 1 1 1 1 1 1 1 1 1 1 1
2 2 2 2 2 2 2 2 2 2 2 2 2 1 1 2 2 5 2 2 3 3 3 9 9 2 2 9 2 2 9 2 2 9 2 2 9 2 2 9 2 2 9 2 2 9 2 2 2 2 3 3 3 2 2 5 2 2 1 1 2 2 2 2 2 2 2 2 2 2 2 2 2
2 2 2 2 2 2 2 2 2 2 2 2 2 1 1 2 2 2 2 2 3 3 3 2 2 2 2 2 2 2 2 2 2 2 2 2 2 2 2 2 2 2 2 2 2 2 2 2 2 2 3 3 3 2 2 2 2 2 1 1 2 2 2 2 2 2 2 2 2 2 2 2 2
2 2 2 2 2 2 2 2 2 2 2 2 2 1 1 9 2 5 2 2 3 3 3 9 2 2 2 2 2 2 2 2 2 2 2 2 2 2 2 2 2 2 2 2 2 2 2 2 2 2 3 3 3 9 2 5 2 2 1 1 2 2 2 2 2 2 2 2 2 2 2 2 2
2 2 2 2 2 2 2 2 2 2 2 2 2 1 1 2 2 2 2 2 3 3 3 2 2 2 2 2 2 2 2 2 2 2 2 2 2 2 2 2 2 2 2 2 2 9 2 2 2 2 3 3 3 2 2 2 2 2 1 1 2 2 2 2 2 2 2 2 2 2 2 2 2
2 2 2 2 2 2 2 2 2 2 2 2 2 1 1 2 2 5 2 2 3 3 3 2 2 2 2 2 2 2 2 2 2 2 2 2 2 2 2 2 2 2 2 2 2 2 2 2 2 2 3 3 3 2 2 5 2 2 1 1 2 2 2 2 2 2 2 2 2 2 2 2 2
2 2 2 2 2 2 2 2 2 2 2 2 2 1 1 9 2 2 2 2 3 3 3 9 2 2 2 2 3 3 3 3 3 3 3 3 3 3 3 3 3 3 3 3 3 2 2 2 2 2 3 3 3 9 2 2 2 2 1 1 2 2 2 2 2 2 2 2 2 2 2 2 2
1 1 1 1 1 1 1 1 1 1 1 1 1 1 1 2 2 5 2 2 3 3 3 2 2 2 2 2 3 3 3 3 3 3 3 3 3 3 3 3 3 3 3 3 3 9 2 2 2 2 3 3 3 2 2 5 2 2 1 1 1 1 1 1 1 1 1 1 1 1 1 1 1
1 1 1 1 1 1 1 1 1 1 1 1 1 1 1 2 2 2 2 2 3 3 3 2 2 2 2 2 3 3 3 3 3 3 3 3 3 3 3 3 3 3 3 3 3 2 2 2 2 2 3 3 3 2 2 2 2 2 1 1 1 1 1 1 1 1 1 1 1 1 1 1 1
1 1 9 9 2 2 9 2 2 9 2 2 9 2 2 9 2 2 9 2 2 9 2 9 2 2 9 2 2 9 9 2 2 2 2 3 3 3 9 9 2 2 9 2 2 9 2 9 2 2 9 2 2 9 2 2 9 2 2 9 2 2 9 2 2 9 9 2 2 2 2 1 1
1 1 2 2 2 2 2 2 2 2 2 2 2 2 2 2 2 2 2 2 2 2 2 2 2 2 2 2 2 2 2 2 2 2 2 3 3 3 2 2 2 2 2 2 2 2 2 2 2 2 2 2 2 2 2 2 2 2 2 2 2 2 2 2 2 2 2 2 2 2 2 1 1
1 1 2 2 2 5 2 5 2 5 2 5 2 5 2 2 2 5 2 5 2 5 2 5 2 5 2 5 2 5 2 5 2 2 2 3 3 3 9 2 2 5 2 5 2 5 2 5 2 5 2 5 2 2 2 5 2 5 2 5 2 5 2 5 2 5 2 5 2 2 2 1 1
1 1 9 2 5 2 2 2 2 2 2 2 2 2 2 9 2 2 2 2 2 2 2 2 2 2 2 2 2 2 9 2 5 2 2 3 3 3 2 2 5 2 2 2 2 2 2 2 2 2 2 2 2 9 2 2 2 2 2 2 2 2 2 2 2 2 9 2 5 2 2 1 1
1 1 2 2 2 2 2 2 2 2 2 2 2 2 2 2 2 5 2 2 2 2 2 2 2 2 2 2 2 2 2 2 2 2 2 3 3 3 9 2 2 2 2 2 2 2 2 2 2 2 2 2 2 2 2 5 2 2 2 2 2 2 2 2 2 2 2 2 2 2 2 1 1
1 1 2 2 5 2 2 3 3 3 3 3 3 3 3 2 2 2 2 2 3 3 3 3 3 3 3 3 3 3 2 2 5 2 2 3 3 3 2 2 5 2 2 3 3 3 3 3 3 3 3 3 3 2 2 2 2 2 3 3 3 3 3 3 3 3 2 2 5 2 2 1 1
1 1 9 2 2 2 2 3 3 3 3 3 3 3 3 9 2 5 2 2 3 3 3 3 3 3 3 3 3 3 9 2 2 2 2 3 3 3 2 2 2 2 2 3 3 3 3 3 3 3 3 3 3 9 2 5 2 2 3 3 3 3 3 3 3 3 9 2 2 2 2 1 1
1 1 2 2 5 2 2 3 3 3 3 3 3 3 3 2 2 2 2 2 3 3 3 3 3 3 3 3 3 3 2 2 5 2 2 3 3 3 9 2 5 2 2 3 3 3 3 3 3 3 3 3 3 2 2 2 2 2 3 3 3 3 3 3 3 3 2 2 5 2 2 1 1
1 1 9 2 2 9 2 9 2 2 2 2 3 3 3 9 2 9 2 2 9 2 2 9 9 2 2 9 9 2 9 2 9 2 2 9 2 2 9 9 2 2 9 2 2 9 2 9 2 2 9 2 2 9 2 5 2 2 3 3 3 9 2 9 2 2 9 2 2 2 2 1 1
1 1 2 2 5 2 2 2 2 2 2 2 3 3 3 2 2 2 2 2 2 2 2 2 2 2 2 2 2 2 2 2 5 2 2 2 2 2 2 2 5 2 2 2 2 2 2 2 2 2 2 2 2 2 2 2 2 2 3 3 3 2 2 2 2 2 2 2 5 2 2 1 1
1 1 2 2 2 6 2 2 2 5 2 2 3 3 3 2 2 5 2 5 2 5 2 2 2 5 2 5 2 5 2 5 2 2 2 2 2 2 2 2 2 5 2 5 2 2 2 5 2 5 2 5 2 2 2 5 2 2 3 3 3 2 2 5 2 5 2 6 2 2 2 1 1
1 1 2 2 2 2 2 9 2 2 2 2 3 3 3 9 2 2 2 2 2 2 2 9 2 5 2 2 2 2 2 2 2 2 2 2 2 2 2 2 2 2 2 2 2 9 2 2 2 2 2 2 2 9 2 2 2 2 3 3 3 9 2 2 2 2 2 2 2 2 2 1 1
1 1 2 2 2 2 2 2 2 5 2 2 3 3 3 2 2 5 2 2 2 2 2 2 2 2 2 2 2 2 2 2 2 2 2 2 2 2 2 2 2 2 2 2 2 2 2 5 2 2 2 2 2 2 2 5 2 2 3 3 3 2 2 5 2 2 2 2 2 2 2 1 1
1 1 1 1 1 1 1 2 2 2 2 2 3 3 3 2 2 2 2 2 2 2 2 2 2 5 2 2 3 3 3 3 3 3 3 3 3 3 3 3 3 3 3 3 3 2 2 2 2 2 3 3 3 2 2 2 2 2 3 3 3 2 2 2 2 2 1 1 1 1 1 1 1
1 1 1 1 1 1 1 9 2 5 2 2 3 3 3 9 2 5 2 2 2 2 2 9 2 2 2 2 3 3 3 3 3 3 3 3 3 3 3 3 3 3 3 3 3 9 2 5 2 2 3 3 3 9 2 5 2 2 3 3 3 9 2 5 2 2 1 1 1 1 1 1 1
1 1 1 1 1 1 1 2 2 2 2 2 3 3 3 2 2 2 2 2 3 3 3 2 2 5 2 2 3 3 3 3 3 3 3 3 3 3 3 3 3 3 3 3 3 2 2 2 2 2 3 3 3 2 2 2 2 2 3 3 3 2 2 2 2 2 1 1 1 1 1 1 1
1 1 9 2 9 2 2 9 2 9 2 2 9 2 2 9 2 5 2 2 3 3 3 9 2 2 9 2 2 9 9 2 2 2 2 3 3 3 9 9 2 2 9 2 2 9 2 5 2 2 3 3 3 9 2 2 9 2 2 9 2 9 2 9 2 2 9 2 2 2 2 1 1
1 1 2 2 2 2 2 2 2 2 2 2 2 2 2 2 2 2 2 2 3 3 3 2 2 5 2 2 2 2 2 2 2 2 2 3 3 3 2 2 2 2 2 2 2 2 2 2 2 2 3 3 3 2 2 2 2 2 2 2 2 2 2 2 2 2 2 2 2 2 2 1 1
1 1 2 2 2 5 2 5 2 5 2 5 2 5 2 5 2 5 2 2 3 3 3 2 2 2 5 2 5 2 2 2 2 2 2 3 3 3 2 2 2 5 2 5 2 5 2 5 2 2 3 3 3 2 2 5 2 5 2 5 2 5 2 5 2 5 2 5 2 2 2 1 1
1 1 9 2 5 2 2 2 2 2 2 2 2 2 2 2 2 2 2 2 3 3 3 2 2 2 2 2 2 2 9 2 5 2 2 3 3 3 9 2 5 2 2 2 2 2 2 2 2 2 3 3 3 2 2 2 2 2 2 2 2 2 2 2 2 2 9 2 5 2 2 1 1
1 1 2 2 2 2 2 2 2 2 2 2 2 2 2 2 2 2 2 2 3 3 3 2 2 2 2 2 2 2 2 2 2 2 2 3 3 3 2 2 2 2 2 2 2 2 2 2 2 2 3 3 3 2 2 2 2 2 2 2 2 2 2 2 2 2 2 2 2 2 2 1 1
1 1 2 2 5 2 2 3 3 3 3 3 3 3 3 3 3 3 3 3 3 3 3 3 3 3 3 3 3 3 2 2 5 2 2 3 3 3 2 2 5 2 2 3 3 3 3 3 3 3 3 3 3 3 3 3 3 3 3 3 3 3 3 3 3 3 9 2 5 2 2 1 1
1 1 9 2 2 2 2 3 3 3 3 3 3 3 3 3 3 3 3 3 3 3 3 3 3 3 3 3 3 3 9 2 2 2 2 3 3 3 9 2 2 2 2 3 3 3 3 3 3 3 3 3 3 3 3 3 3 3 3 3 3 3 3 3 3 3 2 2 2 2 2 1 1
1 1 2 2 5 2 2 3 3 3 3 3 3 3 3 3 3 3 3 3 3 3 3 3 3 3 3 3 3 3 2 2 5 2 2 3 3 3 2 2 5 2 2 3 3 3 3 3 3 3 3 3 3 3 3 3 3 3 3 3 3 3 3 3 3 3 2 2 5 2 2 1 1
1 1 9 9 2 2 9 2 2 9 2 2 9 2 2 9 2 2 9 2 2 9 2 2 9 2 2 9 2 2 9 2 9 2 2 9 2 2 9 9 2 2 9 2 2 9 2 2 9 2 2 9 2 2 9 2 2 9 2 2 9 2 2 9 2 2 9 2 2 2 2 1 1
1 1 2 2 5 2 2 2 2 2 2 2 2 2 2 2 2 2 2 2 2 2 2 2 2 2 2 2 2 2 2 2 5 2 2 2 2 2 2 2 5 2 2 2 2 2 2 2 2 2 2 2 2 2 2 2 2 2 2 2 2 2 2 2 2 2 2 2 5 2 2 1 1
1 1 2 2 2 5 2 5 2 5 2 5 2 5 2 5 2 5 2 5 2 5 2 5 2 5 2 5 2 5 2 5 2 5 2 5 2 5 2 5 2 5 2 5 2 5 2 5 2 5 2 5 2 5 2 5 2 5 2 5 2 5 2 5 2 5 2 5 2 2 2 1 1
1 1 2 2 2 2 2 2 2 2 2 2 2 2 2 2 2 2 2 2 2 2 2 2 2 2 2 2 2 2 2 2 2 2 2 2 2 2 2 2 2 2 2 2 2 2 2 2 2 2 2 2 2 2 2 2 2 2 2 2 2 2 2 2 2 2 2 2 2 2 2 1 1
1 1 2 2 2 2 2 2 2 2 2 2 2 2 2 2 2 2 2 2 2 2 2 2 2 2 2 2 2 2 2 2 2 2 2 2 2 2 2 2 2 2 2 2 2 2 2 2 2 2 2 2 2 2 2 2 2 2 2 2 2 2 2 2 2 2 2 2 2 2 2 1 1
1 1 1 1 1 1 1 1 1 1 1 1 1 1 1 1 1 1 1 1 1 1 1 1 1 1 1 1 1 1 1 1 1 1 1 1 1 1 1 1 1 1 1 1 1 1 1 1 1 1 1 1 1 1 1 1 1 1 1 1 1 1 1 1 1 1 1 1 1 1 1 1 1
1 1 1 1 1 1 1 1 1 1 1 1 1 1 1 1 1 1 1 1 1 1 1 1 1 1 1 1 1 1 1 1 1 1 1 1 1 1 1 1 1 1 1 1 1 1 1 1 1 1 1 1 1 1 1 1 1 1 1 1 1 1 1 1 1 1 1 1 1 1 1 1 1
