1 1 1 1 1 1 1 1 1 1 1 1 1 1 1 1 1 1 1 1 1 1 1 1 1 1 1 1 1 1 1 1 1 1 1 1 1 1 1 1 1 1 1 1 1 1 1 1 1 1 1 1 1 1 1 1 1 1 1 1 1 1 1 1 1 1 1 1 1 1 1 1 1 
1 1 1 1 1 1 1 1 1 1 1 1 1 1 1 1 1 1 1 1 1 1 1 1 1 1 1 1 1 1 1 1 1 1 1 1 1 1 1 1 1 1 1 1 1 1 1 1 1 1 1 1 1 1 1 1 1 1 1 1 1 1 1 1 1 1 1 1 1 1 1 1 1 
1 1 13 2 2 14 2 2 15 2 2 16 2 2 17 18 2 2 19 2 2 20 2 2 21 2 2 22 2 2 23 2 2 2 2 1 1 1 24 2 2 25 2 2 26 2 2 27 2 2 28 2 2 29 2 2 30 2 2 31 2 2 32 2 2 33 34 2 2 2 2 1 1 
1 1 2 2 2 2 2 2 2 2 2 2 2 2 2 2 2 2 2 2 2 2 2 2 2 2 2 2 2 2 2 2 2 2 2 1 1 1 2 2 2 2 2 2 2 2 2 2 2 2 2 2 2 2 2 2 2 2 2 2 2 2 2 2 2 2 2 2 2 2 2 1 1 
1 1 2 2 5 2 5 2 5 2 5 2 5 2 5 2 5 2 5 2 5 2 5 2 5 2 5 2 5 2 2 2 5 2 2 1 1 1 2 2 5 2 5 2 5 2 5 2 5 2 5 2 5 2 5 2 5 2 5 2 5 2 5 2 5 2 2 2 5 2 2 1 1 
1 1 35 2 2 2 2 2 2 2 2 2 2 2 2 36 2 5 2 2 2 2 2 2 2 2 2 2 2 2 37 2 2 2 2 1 1 1 38 2 2 2 2 2 2 2 2 2 2 2 2 2 2 39 2 5 2 2 2 2 2 2 2 2 2 2 40 2 2 2 2 1 1 
1 1 2 2 5 2 2 2 2 2 2 2 2 2 2 2 2 2 2 2 2 2 2 2 2 2 2 2 2 2 2 2 5 2 2 1 1 1 2 2 5 2 2 2 2 2 2 2 2 2 2 2 2 2 2 2 2 2 2 2 2 2 2 2 2 2 2 2 5 2 2 1 1 
1 1 2 2 2 2 2 3 3 3 3 3 3 3 3 2 2 5 2 2 3 3 3 3 3 3 3 3 3 3 2 2 2 2 2 1 1 1 2 2 2 2 2 3 3 3 3 3 3 3 3 3 3 2 2 5 2 2 3 3 3 3 3 3 3 3 2 2 2 2 2 1 1 
1 1 41 2 5 2 2 3 3 3 3 3 3 3 3 42 2 2 2 2 3 3 3 3 3 3 3 3 3 3 43 2 5 2 2 1 1 1 44 2 5 2 2 3 3 3 3 3 3 3 3 3 3 45 2 2 2 2 3 3 3 3 3 3 3 3 46 2 5 2 2 1 1 
1 1 2 2 2 2 2 3 3 3 3 3 3 3 3 2 2 5 2 2 3 3 3 3 3 3 3 3 3 3 2 2 2 2 2 1 1 1 2 2 2 2 2 3 3 3 3 3 3 3 3 3 3 2 2 5 2 2 3 3 3 3 3 3 3 3 2 2 2 2 2 1 1 
1 1 2 2 6 2 2 3 3 3 3 3 3 3 3 2 2 2 2 2 3 3 3 3 3 3 3 3 3 3 2 2 5 2 2 1 1 1 2 2 5 2 2 3 3 3 3 3 3 3 3 3 3 2 2 2 2 2 3 3 3 3 3 3 3 3 2 2 6 2 2 1 1 
1 1 47 2 2 2 2 3 3 3 3 3 3 3 3 48 2 5 2 2 3 3 3 3 3 3 3 3 3 3 49 2 2 2 2 1 1 1 50 2 2 2 2 3 3 3 3 3 3 3 3 3 3 51 2 5 2 2 3 3 3 3 3 3 3 3 52 2 2 2 2 1 1 
1 1 2 2 5 2 2 3 3 3 3 3 3 3 3 2 2 2 2 2 3 3 3 3 3 3 3 3 3 3 2 2 5 2 2 1 1 1 2 2 5 2 2 3 3 3 3 3 3 3 3 3 3 2 2 2 2 2 3 3 3 3 3 3 3 3 2 2 5 2 2 1 1 
1 1 53 2 2 54 2 2 55 2 2 56 2 2 57 58 2 2 59 2 2 60 2 61 62 2 2 63 2 2 64 2 2 65 2 2 66 2 67 2 2 68 2 2 69 70 2 2 71 2 2 72 2 73 2 2 74 2 2 75 2 2 76 2 2 77 78 2 2 2 2 1 1 
1 1 2 2 5 2 2 2 2 2 2 2 2 2 2 2 2 2 2 2 2 2 2 2 2 2 2 2 2 2 2 2 5 2 2 2 2 2 2 2 5 2 2 2 2 2 2 2 2 2 2 2 2 2 2 2 2 2 2 2 2 2 2 2 2 2 2 2 5 2 2 1 1 
1 1 2 2 2 5 2 5 2 5 2 5 2 5 2 2 2 5 2 5 2 5 2 2 2 5 2 5 2 5 2 5 2 5 2 5 2 5 2 5 2 5 2 5 2 2 2 5 2 5 2 5 2 5 2 5 2 5 2 5 2 5 2 5 2 5 2 5 2 2 2 1 1 
1 1 79 2 5 2 2 2 2 2 2 2 2 2 2 80 2 2 2 2 2 2 2 81 2 2 2 2 2 2 2 2 2 2 2 2 2 2 2 2 2 2 2 2 2 82 2 2 2 2 2 2 2 2 2 2 2 2 2 2 2 2 2 2 2 2 83 2 5 2 2 1 1 
1 1 2 2 2 2 2 2 2 2 2 2 2 2 2 2 2 5 2 2 2 2 2 2 2 5 2 2 2 2 2 2 2 2 2 2 2 2 2 2 2 2 2 2 2 2 2 5 2 2 2 2 2 2 2 5 2 2 2 2 2 2 2 2 2 2 2 2 2 2 2 1 1 
1 1 2 2 5 2 2 3 3 3 3 3 3 3 3 2 2 2 2 2 3 3 3 2 2 2 2 2 3 3 3 3 3 3 3 3 3 3 3 3 3 3 3 3 3 2 2 2 2 2 3 3 3 2 2 2 2 2 3 3 3 3 3 3 3 3 2 2 5 2 2 1 1 
1 1 84 2 2 2 2 3 3 3 3 3 3 3 3 85 2 5 2 2 3 3 3 86 2 5 2 2 3 3 3 3 3 3 3 3 3 3 3 3 3 3 3 3 3 87 2 5 2 2 3 3 3 2 2 5 2 2 3 3 3 3 3 3 3 3 88 2 2 2 2 1 1 
1 1 2 2 5 2 2 3 3 3 3 3 3 3 3 2 2 2 2 2 3 3 3 2 2 2 2 2 3 3 3 3 3 3 3 3 3 3 3 3 3 3 3 3 3 2 2 2 2 2 3 3 3 2 2 2 2 2 3 3 3 3 3 3 3 3 2 2 5 2 2 1 1 
1 1 89 2 2 90 2 2 91 2 2 92 2 2 93 94 2 5 2 2 3 3 3 95 2 2 96 2 2 97 98 2 2 2 2 3 3 3 99 100 2 2 101 2 2 102 2 5 2 2 3 3 3 103 2 104 2 105 2 2 106 2 2 107 2 2 108 2 2 2 2 1 1 
1 1 2 2 5 2 2 2 2 2 2 2 2 2 2 2 2 2 2 2 3 3 3 2 2 2 2 2 2 2 2 2 2 2 2 3 3 3 2 2 2 2 2 2 2 2 2 2 2 2 3 3 3 2 2 2 2 2 2 2 2 2 2 2 2 2 2 2 5 2 2 1 1 
1 1 2 2 2 5 2 5 2 5 2 5 2 5 2 2 2 5 2 2 3 3 3 2 2 5 2 5 2 5 2 5 2 2 2 3 3 3 2 2 2 5 2 5 2 5 2 5 2 2 3 3 3 2 2 5 2 5 2 5 2 5 2 5 2 5 2 5 2 2 2 1 1 
1 1 2 2 2 2 2 2 2 2 2 2 2 2 2 109 2 2 2 2 3 3 3 2 2 2 2 2 2 2 110 2 2 2 2 3 3 3 111 2 2 2 2 2 2 2 2 2 2 2 3 3 3 112 2 2 2 2 2 2 2 2 2 2 2 2 2 2 2 2 2 1 1 
1 1 2 2 2 2 2 2 2 2 2 2 2 2 2 2 2 5 2 2 3 3 3 2 2 2 2 2 2 2 2 2 2 2 2 3 3 3 2 2 2 2 2 2 2 2 2 2 2 2 3 3 3 2 2 5 2 2 2 2 2 2 2 2 2 2 2 2 2 2 2 1 1 
1 1 1 1 1 1 1 1 1 1 1 1 1 1 1 2 2 2 2 2 3 3 3 3 3 3 3 3 3 3 2 2 2 2 2 3 3 3 2 2 2 2 2 3 3 3 3 3 3 3 3 3 3 2 2 2 2 2 1 1 1 1 1 1 1 1 1 1 1 1 1 1 1 
1 1 1 1 1 1 1 1 1 1 1 1 1 1 1 113 2 5 2 2 3 3 3 3 3 3 3 3 3 3 114 2 2 2 2 3 3 3 115 2 2 2 2 3 3 3 3 3 3 3 3 3 3 116 2 5 2 2 1 1 1 1 1 1 1 1 1 1 1 1 1 1 1 
2 2 2 2 2 2 2 2 2 2 2 2 2 1 1 2 2 2 2 2 3 3 3 3 3 3 3 3 3 3 2 2 2 2 2 3 3 3 2 2 2 2 2 3 3 3 3 3 3 3 3 3 3 2 2 2 2 2 1 1 2 2 2 2 2 2 2 2 2 2 2 2 2 
2 2 2 2 2 2 2 2 2 2 2 2 2 1 1 2 2 5 2 2 3 3 3 117 2 2 118 2 119 2 120 2 121 122 123 124 125 126 127 2 2 128 2 129 2 130 2 2 2 2 3 3 3 2 2 5 2 2 1 1 2 2 2 2 2 2 2 2 2 2 2 2 2 
2 2 2 2 2 2 2 2 2 2 2 2 2 1 1 131 2 2 2 2 3 3 3 2 2 2 2 2 2 2 2 2 132 133 134 135 136 2 2 2 2 2 2 2 2 2 2 2 2 2 3 3 3 137 2 2 2 2 1 1 2 2 2 2 2 2 2 2 2 2 2 2 2 
2 2 2 2 2 2 2 2 2 2 2 2 2 1 1 2 2 5 2 2 3 3 3 2 2 2 2 2 2 2 2 2 138 139 140 141 142 2 2 2 2 2 2 2 2 2 2 2 2 2 3 3 3 2 2 5 2 2 1 1 2 2 2 2 2 2 2 2 2 2 2 2 2 
2 2 2 2 2 2 2 2 2 2 2 2 2 1 1 2 2 2 2 2 3 3 3 143 2 2 2 2 2 2 2 2 144 145 146 147 148 2 2 2 2 2 2 2 2 149 2 2 2 2 3 3 3 2 2 2 2 2 1 1 2 2 2 2 2 2 2 2 2 2 2 2 2 
2 2 2 2 2 2 2 2 2 2 2 2 2 1 1 150 2 5 2 2 3 3 3 2 2 2 2 2 2 2 2 2 151 152 153 154 155 2 2 2 2 2 2 2 2 2 2 2 2 2 3 3 3 156 2 5 2 2 1 1 2 2 2 2 2 2 2 2 2 2 2 2 2 
1 1 1 1 1 1 1 1 1 1 1 1 1 1 1 2 2 2 2 2 3 3 3 157 2 2 2 2 3 3 3 3 4 4 4 4 4 4 4 4 4 3 3 3 3 2 2 2 2 2 3 3 3 2 2 2 2 2 1 1 1 1 1 1 1 1 1 1 1 1 1 1 1 
1 1 1 1 1 1 1 1 1 1 1 1 1 1 1 2 2 5 2 2 3 3 3 2 2 2 2 2 3 3 3 3 158 159 160 161 162 2 2 2 2 3 3 3 3 163 2 2 2 2 3 3 3 164 2 5 2 2 1 1 1 1 1 1 1 1 1 1 1 1 1 1 1 
8 165 2 2 166 2 2 167 2 2 168 2 2 169 2 170 2 2 171 2 2 172 2 173 2 2 2 2 3 3 2 2 2 2 2 2 2 2 2 2 2 2 2 3 3 2 2 2 2 2 2 2 2 174 2 2 175 2 2 176 2 2 177 2 2 178 2 179 2 2 2 2 7 
8 2 2 2 2 2 2 2 2 2 2 2 2 2 2 2 2 5 2 2 2 2 2 2 2 2 2 2 3 3 180 181 182 183 184 185 186 187 188 2 2 2 2 3 3 2 2 2 2 2 2 2 2 2 2 5 2 2 2 2 2 2 2 2 2 2 2 2 2 2 2 2 7 
8 2 2 2 2 2 2 2 2 2 2 2 2 2 2 2 2 2 2 2 2 2 2 2 2 2 2 2 3 3 2 2 2 2 2 2 2 2 2 2 2 2 2 3 3 189 2 2 2 2 2 2 2 2 2 2 2 2 2 2 2 2 2 2 2 2 2 2 2 2 2 2 7 
8 2 2 2 2 2 2 2 2 2 2 2 2 2 2 190 2 5 2 2 2 2 2 191 2 2 2 2 3 3 2 2 2 2 2 2 2 2 2 2 2 2 2 3 3 2 2 2 2 2 2 2 2 192 2 5 2 2 2 2 2 2 2 2 2 2 2 2 2 2 2 2 7 
8 2 2 2 2 2 2 2 2 2 2 2 2 2 2 2 2 2 2 2 2 2 2 2 2 2 2 2 3 3 2 2 2 2 2 2 2 2 2 2 2 2 2 3 3 2 2 2 2 2 2 2 2 2 2 2 2 2 2 2 2 2 2 2 2 2 2 2 2 2 2 2 7 
1 1 1 1 1 1 1 1 1 1 1 1 1 1 1 2 2 5 2 2 3 3 3 2 2 2 2 2 3 3 3 3 3 3 3 3 3 3 3 3 3 3 3 3 3 193 2 2 2 2 3 3 3 2 2 5 2 2 1 1 1 1 1 1 1 1 1 1 1 1 1 1 1 
1 1 1 1 1 1 1 1 1 1 1 1 1 1 1 194 2 2 2 2 3 3 3 195 2 2 2 2 3 3 3 3 3 3 3 3 3 3 3 3 3 3 3 3 3 2 2 2 2 2 3 3 3 196 2 2 2 2 1 1 1 1 1 1 1 1 1 1 1 1 1 1 1 
2 2 2 2 2 2 2 2 2 2 2 2 2 1 1 2 2 5 2 2 3 3 3 197 198 2 2 199 2 2 200 2 2 201 2 2 202 2 2 203 2 2 204 2 2 205 2 2 2 2 3 3 3 2 2 5 2 2 1 1 2 2 2 2 2 2 2 2 2 2 2 2 2 
2 2 2 2 2 2 2 2 2 2 2 2 2 1 1 2 2 2 2 2 3 3 3 2 2 2 2 2 2 2 2 2 2 2 2 2 2 2 2 2 2 2 2 2 2 2 2 2 2 2 3 3 3 2 2 2 2 2 1 1 2 2 2 2 2 2 2 2 2 2 2 2 2 
2 2 2 2 2 2 2 2 2 2 2 2 2 1 1 206 2 5 2 2 3 3 3 207 2 2 2 2 2 2 2 2 2 2 2 2 2 2 2 2 2 2 2 2 2 2 2 2 2 2 3 3 3 208 2 5 2 2 1 1 2 2 2 2 2 2 2 2 2 2 2 2 2 
2 2 2 2 2 2 2 2 2 2 2 2 2 1 1 2 2 2 2 2 3 3 3 2 2 2 2 2 2 2 2 2 2 2 2 2 2 2 2 2 2 2 2 2 2 209 2 2 2 2 3 3 3 2 2 2 2 2 1 1 2 2 2 2 2 2 2 2 2 2 2 2 2 
2 2 2 2 2 2 2 2 2 2 2 2 2 1 1 2 2 5 2 2 3 3 3 2 2 2 2 2 2 2 2 2 2 2 2 2 2 2 2 2 2 2 2 2 2 2 2 2 2 2 3 3 3 2 2 5 2 2 1 1 2 2 2 2 2 2 2 2 2 2 2 2 2 
2 2 2 2 2 2 2 2 2 2 2 2 2 1 1 210 2 2 2 2 3 3 3 211 2 2 2 2 3 3 3 3 3 3 3 3 3 3 3 3 3 3 3 3 3 2 2 2 2 2 3 3 3 212 2 2 2 2 1 1 2 2 2 2 2 2 2 2 2 2 2 2 2 
1 1 1 1 1 1 1 1 1 1 1 1 1 1 1 2 2 5 2 2 3 3 3 2 2 2 2 2 3 3 3 3 3 3 3 3 3 3 3 3 3 3 3 3 3 213 2 2 2 2 3 3 3 2 2 5 2 2 1 1 1 1 1 1 1 1 1 1 1 1 1 1 1 
1 1 1 1 1 1 1 1 1 1 1 1 1 1 1 2 2 2 2 2 3 3 3 2 2 2 2 2 3 3 3 3 3 3 3 3 3 3 3 3 3 3 3 3 3 2 2 2 2 2 3 3 3 2 2 2 2 2 1 1 1 1 1 1 1 1 1 1 1 1 1 1 1 
1 1 214 215 2 2 216 2 2 217 2 2 218 2 2 219 2 2 220 2 2 221 2 222 2 2 223 2 2 224 225 2 2 2 2 3 3 3 226 227 2 2 228 2 2 229 2 230 2 2 231 2 2 232 2 2 233 2 2 234 2 2 235 2 2 236 237 2 2 2 2 1 1 
1 1 2 2 2 2 2 2 2 2 2 2 2 2 2 2 2 2 2 2 2 2 2 2 2 2 2 2 2 2 2 2 2 2 2 3 3 3 2 2 2 2 2 2 2 2 2 2 2 2 2 2 2 2 2 2 2 2 2 2 2 2 2 2 2 2 2 2 2 2 2 1 1 
1 1 2 2 2 5 2 5 2 5 2 5 2 5 2 2 2 5 2 5 2 5 2 5 2 5 2 5 2 5 2 5 2 2 2 3 3 3 238 2 2 5 2 5 2 5 2 5 2 5 2 5 2 2 2 5 2 5 2 5 2 5 2 5 2 5 2 5 2 2 2 1 1 
1 1 239 2 5 2 2 2 2 2 2 2 2 2 2 240 2 2 2 2 2 2 2 2 2 2 2 2 2 2 241 2 5 2 2 3 3 3 2 2 5 2 2 2 2 2 2 2 2 2 2 2 2 242 2 2 2 2 2 2 2 2 2 2 2 2 243 2 5 2 2 1 1 
1 1 2 2 2 2 2 2 2 2 2 2 2 2 2 2 2 5 2 2 2 2 2 2 2 2 2 2 2 2 2 2 2 2 2 3 3 3 244 2 2 2 2 2 2 2 2 2 2 2 2 2 2 2 2 5 2 2 2 2 2 2 2 2 2 2 2 2 2 2 2 1 1 
1 1 2 2 5 2 2 3 3 3 3 3 3 3 3 2 2 2 2 2 3 3 3 3 3 3 3 3 3 3 2 2 5 2 2 3 3 3 2 2 5 2 2 3 3 3 3 3 3 3 3 3 3 2 2 2 2 2 3 3 3 3 3 3 3 3 2 2 5 2 2 1 1 
1 1 245 2 2 2 2 3 3 3 3 3 3 3 3 246 2 5 2 2 3 3 3 3 3 3 3 3 3 3 247 2 2 2 2 3 3 3 2 2 2 2 2 3 3 3 3 3 3 3 3 3 3 248 2 5 2 2 3 3 3 3 3 3 3 3 249 2 2 2 2 1 1 
1 1 2 2 5 2 2 3 3 3 3 3 3 3 3 2 2 2 2 2 3 3 3 3 3 3 3 3 3 3 2 2 5 2 2 3 3 3 250 2 5 2 2 3 3 3 3 3 3 3 3 3 3 2 2 2 2 2 3 3 3 3 3 3 3 3 2 2 5 2 2 1 1 
1 1 251 2 2 252 2 253 2 2 2 2 3 3 3 254 2 255 2 2 256 2 2 257 258 2 2 259 260 2 261 2 262 2 2 263 2 2 264 265 2 2 266 2 2 267 2 268 2 2 269 2 2 270 2 5 2 2 3 3 3 271 2 272 2 2 273 2 2 2 2 1 1 
1 1 2 2 5 2 2 2 2 2 2 2 3 3 3 2 2 2 2 2 2 2 2 2 2 2 2 2 2 2 2 2 5 2 2 2 2 2 2 2 5 2 2 2 2 2 2 2 2 2 2 2 2 2 2 2 2 2 3 3 3 2 2 2 2 2 2 2 5 2 2 1 1 
1 1 2 2 2 6 2 2 2 5 2 2 3 3 3 2 2 5 2 5 2 5 2 2 2 5 2 5 2 5 2 5 2 2 2 2 2 2 2 2 2 5 2 5 2 2 2 5 2 5 2 5 2 2 2 5 2 2 3 3 3 2 2 5 2 5 2 6 2 2 2 1 1 
1 1 2 2 2 2 2 274 2 2 2 2 3 3 3 275 2 2 2 2 2 2 2 276 2 5 2 2 2 2 2 2 2 2 2 2 2 2 2 2 2 2 2 2 2 277 2 2 2 2 2 2 2 278 2 2 2 2 3 3 3 279 2 2 2 2 2 2 2 2 2 1 1 
1 1 2 2 2 2 2 2 2 5 2 2 3 3 3 2 2 5 2 2 2 2 2 2 2 2 2 2 2 2 2 2 2 2 2 2 2 2 2 2 2 2 2 2 2 2 2 5 2 2 2 2 2 2 2 5 2 2 3 3 3 2 2 5 2 2 2 2 2 2 2 1 1 
1 1 1 1 1 1 1 2 2 2 2 2 3 3 3 2 2 2 2 2 2 2 2 2 2 5 2 2 3 3 3 3 3 3 3 3 3 3 3 3 3 3 3 3 3 2 2 2 2 2 3 3 3 2 2 2 2 2 3 3 3 2 2 2 2 2 1 1 1 1 1 1 1 
1 1 1 1 1 1 1 280 2 5 2 2 3 3 3 281 2 5 2 2 2 2 2 282 2 2 2 2 3 3 3 3 3 3 3 3 3 3 3 3 3 3 3 3 3 283 2 5 2 2 3 3 3 284 2 5 2 2 3 3 3 285 2 5 2 2 1 1 1 1 1 1 1 
1 1 1 1 1 1 1 2 2 2 2 2 3 3 3 2 2 2 2 2 3 3 3 2 2 5 2 2 3 3 3 3 3 3 3 3 3 3 3 3 3 3 3 3 3 2 2 2 2 2 3 3 3 2 2 2 2 2 3 3 3 2 2 2 2 2 1 1 1 1 1 1 1 
1 1 286 2 287 2 2 288 2 289 2 2 290 2 2 291 2 5 2 2 3 3 3 292 2 2 293 2 2 294 295 2 2 2 2 3 3 3 296 297 2 2 298 2 2 299 2 5 2 2 3 3 3 300 2 2 301 2 2 302 2 303 2 304 2 2 305 2 2 2 2 1 1 
1 1 2 2 2 2 2 2 2 2 2 2 2 2 2 2 2 2 2 2 3 3 3 2 2 5 2 2 2 2 2 2 2 2 2 3 3 3 2 2 2 2 2 2 2 2 2 2 2 2 3 3 3 2 2 2 2 2 2 2 2 2 2 2 2 2 2 2 2 2 2 1 1 
1 1 2 2 2 5 2 5 2 5 2 5 2 5 2 5 2 5 2 2 3 3 3 2 2 2 5 2 5 2 2 2 2 2 2 3 3 3 2 2 2 5 2 5 2 5 2 5 2 2 3 3 3 2 2 5 2 5 2 5 2 5 2 5 2 5 2 5 2 2 2 1 1 
1 1 306 2 5 2 2 2 2 2 2 2 2 2 2 2 2 2 2 2 3 3 3 2 2 2 2 2 2 2 307 2 5 2 2 3 3 3 308 2 5 2 2 2 2 2 2 2 2 2 3 3 3 2 2 2 2 2 2 2 2 2 2 2 2 2 309 2 5 2 2 1 1 
1 1 2 2 2 2 2 2 2 2 2 2 2 2 2 2 2 2 2 2 3 3 3 2 2 2 2 2 2 2 2 2 2 2 2 3 3 3 2 2 2 2 2 2 2 2 2 2 2 2 3 3 3 2 2 2 2 2 2 2 2 2 2 2 2 2 2 2 2 2 2 1 1 
1 1 2 2 5 2 2 3 3 3 3 3 3 3 3 3 3 3 3 3 3 3 3 3 3 3 3 3 3 3 2 2 5 2 2 3 3 3 2 2 5 2 2 3 3 3 3 3 3 3 3 3 3 3 3 3 3 3 3 3 3 3 3 3 3 3 310 2 5 2 2 1 1 
1 1 311 2 2 2 2 3 3 3 3 3 3 3 3 3 3 3 3 3 3 3 3 3 3 3 3 3 3 3 312 2 2 2 2 3 3 3 313 2 2 2 2 3 3 3 3 3 3 3 3 3 3 3 3 3 3 3 3 3 3 3 3 3 3 3 2 2 2 2 2 1 1 
1 1 2 2 5 2 2 3 3 3 3 3 3 3 3 3 3 3 3 3 3 3 3 3 3 3 3 3 3 3 2 2 5 2 2 3 3 3 2 2 5 2 2 3 3 3 3 3 3 3 3 3 3 3 3 3 3 3 3 3 3 3 3 3 3 3 2 2 5 2 2 1 1 
1 1 314 315 2 2 316 2 2 317 2 2 318 2 2 319 2 2 320 2 2 321 2 2 322 2 2 323 2 2 324 2 325 2 2 326 2 2 327 328 2 2 329 2 2 330 2 2 331 2 2 332 2 2 333 2 2 334 2 2 335 2 2 336 2 2 337 2 2 2 2 1 1 
1 1 2 2 5 2 2 2 2 2 2 2 2 2 2 2 2 2 2 2 2 2 2 2 2 2 2 2 2 2 2 2 5 2 2 2 2 2 2 2 5 2 2 2 2 2 2 2 2 2 2 2 2 2 2 2 2 2 2 2 2 2 2 2 2 2 2 2 5 2 2 1 1 
1 1 2 2 2 5 2 5 2 5 2 5 2 5 2 5 2 5 2 5 2 5 2 5 2 5 2 5 2 5 2 5 2 5 2 5 2 5 2 5 2 5 2 5 2 5 2 5 2 5 2 5 2 5 2 5 2 5 2 5 2 5 2 5 2 5 2 5 2 2 2 1 1 
1 1 2 2 2 2 2 2 2 2 2 2 2 2 2 2 2 2 2 2 2 2 2 2 2 2 2 2 2 2 2 2 2 2 2 2 2 2 2 2 2 2 2 2 2 2 2 2 2 2 2 2 2 2 2 2 2 2 2 2 2 2 2 2 2 2 2 2 2 2 2 1 1 
1 1 2 2 2 2 2 2 2 2 2 2 2 2 2 2 2 2 2 2 2 2 2 2 2 2 2 2 2 2 2 2 2 2 2 2 2 2 2 2 2 2 2 2 2 2 2 2 2 2 2 2 2 2 2 2 2 2 2 2 2 2 2 2 2 2 2 2 2 2 2 1 1 
1 1 1 1 1 1 1 1 1 1 1 1 1 1 1 1 1 1 1 1 1 1 1 1 1 1 1 1 1 1 1 1 1 1 1 1 1 1 1 1 1 1 1 1 1 1 1 1 1 1 1 1 1 1 1 1 1 1 1 1 1 1 1 1 1 1 1 1 1 1 1 1 1 
1 1 1 1 1 1 1 1 1 1 1 1 1 1 1 1 1 1 1 1 1 1 1 1 1 1 1 1 1 1 1 1 1 1 1 1 1 1 1 1 1 1 1 1 1 1 1 1 1 1 1 1 1 1 1 1 1 1 1 1 1 1 1 1 1 1 1 1 1 1 1 1 1 
