1   1   1   1   1   1   1   1   1   1   1   1   1   1   1   1   1   1   1   1   1   1   1   1   1   1   1   1   1   1   1   1   1   1   1   1   1   1   1   1   1   1   1   1   1   1   1   1   1   1   1   1   1   1   1   1   1   1   1   1   1   1   1   1   1   1   1   1   1   1   1   1   1   
1   1   1   1   1   1   1   1   1   1   1   1   1   1   1   1   1   1   1   1   1   1   1   1   1   1   1   1   1   1   1   1   1   1   1   1   1   1   1   1   1   1   1   1   1   1   1   1   1   1   1   1   1   1   1   1   1   1   1   1   1   1   1   1   1   1   1   1   1   1   1   1   1   
1   1   10  2   2   11  2   2   12  2   2   13  2   2   14  15  2   2   16  2   2   17  2   2   18  2   2   19  2   2   20  2   2   2   2   1   1   1   21  2   2   22  2   2   23  2   2   24  2   2   25  2   2   26  2   2   27  2   2   28  2   2   29  2   2   30  31  2   2   2   2   1   1   
1   1   2   2   2   2   2   2   2   2   2   2   2   2   2   2   2   2   2   2   2   2   2   2   2   2   2   2   2   2   2   2   2   2   2   1   1   1   2   2   2   2   2   2   2   2   2   2   2   2   2   2   2   2   2   2   2   2   2   2   2   2   2   2   2   2   2   2   2   2   2   1   1   
1   1   2   2   5   2   5   2   5   2   5   2   5   2   5   2   5   2   5   2   5   2   5   2   5   2   5   2   5   2   2   2   5   2   2   1   1   1   2   2   5   2   5   2   5   2   5   2   5   2   5   2   5   2   5   2   5   2   5   2   5   2   5   2   5   2   2   2   5   2   2   1   1   
1   1   32  2   2   2   2   2   2   2   2   2   2   2   2   33  2   5   2   2   2   2   2   2   2   2   2   2   2   2   34  2   2   2   2   1   1   1   35  2   2   2   2   2   2   2   2   2   2   2   2   2   2   36  2   5   2   2   2   2   2   2   2   2   2   2   37  2   2   2   2   1   1   
1   1   2   2   5   2   2   2   2   2   2   2   2   2   2   2   2   2   2   2   2   2   2   2   2   2   2   2   2   2   2   2   5   2   2   1   1   1   2   2   5   2   2   2   2   2   2   2   2   2   2   2   2   2   2   2   2   2   2   2   2   2   2   2   2   2   2   2   5   2   2   1   1   
1   1   2   2   2   2   2   3   3   3   3   3   3   3   3   2   2   5   2   2   3   3   3   3   3   3   3   3   3   3   2   2   2   2   2   1   1   1   2   2   2   2   2   3   3   3   3   3   3   3   3   3   3   2   2   5   2   2   3   3   3   3   3   3   3   3   2   2   2   2   2   1   1   
1   1   38  2   5   2   2   3   3   3   3   3   3   3   3   39  2   2   2   2   3   3   3   3   3   3   3   3   3   3   40  2   5   2   2   1   1   1   41  2   5   2   2   3   3   3   3   3   3   3   3   3   3   42  2   2   2   2   3   3   3   3   3   3   3   3   43  2   5   2   2   1   1   
1   1   2   2   2   2   2   3   3   3   3   3   3   3   3   2   2   5   2   2   3   3   3   3   3   3   3   3   3   3   2   2   2   2   2   1   1   1   2   2   2   2   2   3   3   3   3   3   3   3   3   3   3   2   2   5   2   2   3   3   3   3   3   3   3   3   2   2   2   2   2   1   1   
1   1   2   2   6   2   2   3   3   3   3   3   3   3   3   2   2   2   2   2   3   3   3   3   3   3   3   3   3   3   2   2   5   2   2   1   1   1   2   2   5   2   2   3   3   3   3   3   3   3   3   3   3   2   2   2   2   2   3   3   3   3   3   3   3   3   2   2   6   2   2   1   1   
1   1   44  2   2   2   2   3   3   3   3   3   3   3   3   45  2   5   2   2   3   3   3   3   3   3   3   3   3   3   46  2   2   2   2   1   1   1   47  2   2   2   2   3   3   3   3   3   3   3   3   3   3   48  2   5   2   2   3   3   3   3   3   3   3   3   49  2   2   2   2   1   1   
1   1   2   2   5   2   2   3   3   3   3   3   3   3   3   2   2   2   2   2   3   3   3   3   3   3   3   3   3   3   2   2   5   2   2   1   1   1   2   2   5   2   2   3   3   3   3   3   3   3   3   3   3   2   2   2   2   2   3   3   3   3   3   3   3   3   2   2   5   2   2   1   1   
1   1   50  2   2   51  2   2   52  2   2   53  2   2   54  55  2   2   56  2   2   57  2   58  59  2   2   60  2   2   61  2   2   62  2   2   63  2   64  2   2   65  2   2   66  67  2   2   68  2   2   69  2   70  2   2   71  2   2   72  2   2   73  2   2   74  75  2   2   2   2   1   1   
1   1   2   2   5   2   2   2   2   2   2   2   2   2   2   2   2   2   2   2   2   2   2   2   2   2   2   2   2   2   2   2   5   2   2   2   2   2   2   2   5   2   2   2   2   2   2   2   2   2   2   2   2   2   2   2   2   2   2   2   2   2   2   2   2   2   2   2   5   2   2   1   1   
1   1   2   2   2   5   2   5   2   5   2   5   2   5   2   2   2   5   2   5   2   5   2   2   2   5   2   5   2   5   2   5   2   5   2   5   2   5   2   5   2   5   2   5   2   2   2   5   2   5   2   5   2   5   2   5   2   5   2   5   2   5   2   5   2   5   2   5   2   2   2   1   1   
1   1   76  2   5   2   2   2   2   2   2   2   2   2   2   77  2   2   2   2   2   2   2   78  2   2   2   2   2   2   2   2   2   2   2   2   2   2   2   2   2   2   2   2   2   79  2   2   2   2   2   2   2   2   2   2   2   2   2   2   2   2   2   2   2   2   80  2   5   2   2   1   1   
1   1   2   2   2   2   2   2   2   2   2   2   2   2   2   2   2   5   2   2   2   2   2   2   2   5   2   2   2   2   2   2   2   2   2   2   2   2   2   2   2   2   2   2   2   2   2   5   2   2   2   2   2   2   2   5   2   2   2   2   2   2   2   2   2   2   2   2   2   2   2   1   1   
1   1   2   2   5   2   2   3   3   3   3   3   3   3   3   2   2   2   2   2   3   3   3   2   2   2   2   2   3   3   3   3   3   3   3   3   3   3   3   3   3   3   3   3   3   2   2   2   2   2   3   3   3   2   2   2   2   2   3   3   3   3   3   3   3   3   2   2   5   2   2   1   1   
1   1   81  2   2   2   2   3   3   3   3   3   3   3   3   82  2   5   2   2   3   3   3   83  2   5   2   2   3   3   3   3   3   3   3   3   3   3   3   3   3   3   3   3   3   84  2   5   2   2   3   3   3   2   2   5   2   2   3   3   3   3   3   3   3   3   85  2   2   2   2   1   1   
1   1   2   2   5   2   2   3   3   3   3   3   3   3   3   2   2   2   2   2   3   3   3   2   2   2   2   2   3   3   3   3   3   3   3   3   3   3   3   3   3   3   3   3   3   2   2   2   2   2   3   3   3   2   2   2   2   2   3   3   3   3   3   3   3   3   2   2   5   2   2   1   1   
1   1   86  2   2   87  2   2   88  2   2   89  2   2   90  91  2   5   2   2   3   3   3   92  2   2   93  2   2   94  95  2   2   2   2   3   3   3   96  97 2   2   98 2   2   99 2   5   2   2   3   3   3   100 2   101 2   102 2   2   103 2   2   104 2   2   105 2   2   2   2   1   1   
1   1   2   2   5   2   2   2   2   2   2   2   2   2   2   2   2   2   2   2   3   3   3   2   2   2   2   2   2   2   2   2   2   2   2   3   3   3   2   2   2   2   2   2   2   2   2   2   2   2   3   3   3   2   2   2   2   2   2   2   2   2   2   2   2   2   2   2   5   2   2   1   1   
1   1   2   2   2   5   2   5   2   5   2   5   2   5   2   2   2   5   2   2   3   3   3   2   2   5   2   5   2   5   2   5   2   2   2   3   3   3   2   2   2   5   2   5   2   5   2   5   2   2   3   3   3   2   2   5   2   5   2   5   2   5   2   5   2   5   2   5   2   2   2   1   1   
1   1   2   2   2   2   2   2   2   2   2   2   2   2   2   106 2   2   2   2   3   3   3   2   2   2   2   2   2   2   107 2   2   2   2   3   3   3   108 2   2   2   2   2   2   2   2   2   2   2   3   3   3   109 2   2   2   2   2   2   2   2   2   2   2   2   2   2   2   2   2   1   1   
1   1   2   2   2   2   2   2   2   2   2   2   2   2   2   2   2   5   2   2   3   3   3   2   2   2   2   2   2   2   2   2   2   2   2   3   3   3   2   2   2   2   2   2   2   2   2   2   2   2   3   3   3   2   2   5   2   2   2   2   2   2   2   2   2   2   2   2   2   2   2   1   1   
1   1   1   1   1   1   1   1   1   1   1   1   1   1   1   2   2   2   2   2   3   3   3   3   3   3   3   3   3   3   2   2   2   2   2   3   3   3   2   2   2   2   2   3   3   3   3   3   3   3   3   3   3   2   2   2   2   2   1   1   1   1   1   1   1   1   1   1   1   1   1   1   1   
1   1   1   1   1   1   1   1   1   1   1   1   1   1   1   110 2   5   2   2   3   3   3   3   3   3   3   3   3   3   111 2   2   2   2   3   3   3   112 2   2   2   2   3   3   3   3   3   3   3   3   3   3   113 2   5   2   2   1   1   1   1   1   1   1   1   1   1   1   1   1   1   1   
2   2   2   2   2   2   2   2   2   2   2   2   2   1   1   2   2   2   2   2   3   3   3   3   3   3   3   3   3   3   2   2   2   2   2   3   3   3   2   2   2   2   2   3   3   3   3   3   3   3   3   3   3   2   2   2   2   2   1   1   2   2   2   2   2   2   2   2   2   2   2   2   2   
2   2   2   2   2   2   2   2   2   2   2   2   2   1   1   2   2   5   2   2   3   3   3   114 2   2   115 2   116 2   117 2   118 119 120 121 122 123 124 2   2   125 2   126 2   127 2   2   2   2   3   3   3   2   2   5   2   2   1   1   2   2   2   2   2   2   2   2   2   2   2   2   2   
2   2   2   2   2   2   2   2   2   2   2   2   2   1   1   128 2   2   2   2   3   3   3   2   2   2   2   2   2   2   2   2   129 130 131 132 133 2   2   2   2   2   2   2   2   2   2   2   2   2   3   3   3   134 2   2   2   2   1   1   2   2   2   2   2   2   2   2   2   2   2   2   2   
2   2   2   2   2   2   2   2   2   2   2   2   2   1   1   2   2   5   2   2   3   3   3   2   2   2   2   2   2   2   2   2   135 136 137 138 139 2   2   2   2   2   2   2   2   2   2   2   2   2   3   3   3   2   2   5   2   2   1   1   2   2   2   2   2   2   2   2   2   2   2   2   2   
2   2   2   2   2   2   2   2   2   2   2   2   2   1   1   2   2   2   2   2   3   3   3   140 2   2   2   2   2   2   2   2   141 142 143 144 145 2   2   2   2   2   2   2   2   146 2   2   2   2   3   3   3   2   2   2   2   2   1   1   2   2   2   2   2   2   2   2   2   2   2   2   2   
2   2   2   2   2   2   2   2   2   2   2   2   2   1   1   147 2   5   2   2   3   3   3   2   2   2   2   2   2   2   2   2   148 149 150 151 152 2   2   2   2   2   2   2   2   2   2   2   2   2   3   3   3   153 2   5   2   2   1   1   2   2   2   2   2   2   2   2   2   2   2   2   2   
1   1   1   1   1   1   1   1   1   1   1   1   1   1   1   2   2   2   2   2   3   3   3   154 2   2   2   2   3   3   3   3   4   4   4   4   4   4   4   4   4   3   3   3   3   2   2   2   2   2   3   3   3   2   2   2   2   2   1   1   1   1   1   1   1   1   1   1   1   1   1   1   1   
1   1   1   1   1   1   1   1   1   1   1   1   1   1   1   2   2   5   2   2   3   3   3   2   2   2   2   2   3   3   3   3   155 156 157 158 159 2   2   2   2   3   3   3   3   160 2   2   2   2   3   3   3   161 2   5   2   2   1   1   1   1   1   1   1   1   1   1   1   1   1   1   1   
8   162 2   2   163 2   2   164 2   2   165 2   2   166 2   167 2   2   168 2   2   169 2   170 2   2   2   2   3   3   2   2   2   2   2   2   2   2   2   2   2   2   2   3   3   2   2   2   2   2   2   2   2   171 2   2   172 2   2   173 2   2   174 2   2   175 2   176 2   2   2   2   7   
8   2   2   2   2   2   2   2   2   2   2   2   2   2   2   2   2   5   2   2   2   2   2   2   2   2   2   2   3   3   177 178 179 180 181 182 183 184 185 2   2   2   2   3   3   2   2   2   2   2   2   2   2   2   2   5   2   2   2   2   2   2   2   2   2   2   2   2   2   2   2   2   7   
8   2   2   2   2   2   2   2   2   2   2   2   2   2   2   2   2   2   2   2   2   2   2   2   2   2   2   2   3   3   2   2   2   2   2   2   2   2   2   2   2   2   2   3   3   186 2   2   2   2   2   2   2   2   2   2   2   2   2   2   2   2   2   2   2   2   2   2   2   2   2   2   7   
8   2   2   2   2   2   2   2   2   2   2   2   2   2   2   187 2   5   2   2   2   2   2   188 2   2   2   2   3   3   2   2   2   2   2   2   2   2   2   2   2   2   2   3   3   2   2   2   2   2   2   2   2   189 2   5   2   2   2   2   2   2   2   2   2   2   2   2   2   2   2   2   7   
8   2   2   2   2   2   2   2   2   2   2   2   2   2   2   2   2   2   2   2   2   2   2   2   2   2   2   2   3   3   2   2   2   2   2   2   2   2   2   2   2   2   2   3   3   2   2   2   2   2   2   2   2   2   2   2   2   2   2   2   2   2   2   2   2   2   2   2   2   2   2   2   7   
1   1   1   1   1   1   1   1   1   1   1   1   1   1   1   2   2   5   2   2   3   3   3   2   2   2   2   2   3   3   3   3   3   3   3   3   3   3   3   3   3   3   3   3   3   190 2   2   2   2   3   3   3   2   2   5   2   2   1   1   1   1   1   1   1   1   1   1   1   1   1   1   1   
1   1   1   1   1   1   1   1   1   1   1   1   1   1   1   191 2   2   2   2   3   3   3   192 2   2   2   2   3   3   3   3   3   3   3   3   3   3   3   3   3   3   3   3   3   2   2   2   2   2   3   3   3   193 2   2   2   2   1   1   1   1   1   1   1   1   1   1   1   1   1   1   1   
2   2   2   2   2   2   2   2   2   2   2   2   2   1   1   2   2   5   2   2   3   3   3   194 195 2   2   196 2   2   197 2   2   198 2   2   199 2   2   200 2   2   201 2   2   202 2   2   2   2   3   3   3   2   2   5   2   2   1   1   2   2   2   2   2   2   2   2   2   2   2   2   2   
2   2   2   2   2   2   2   2   2   2   2   2   2   1   1   2   2   2   2   2   3   3   3   2   2   2   2   2   2   2   2   2   2   2   2   2   2   2   2   2   2   2   2   2   2   2   2   2   2   2   3   3   3   2   2   2   2   2   1   1   2   2   2   2   2   2   2   2   2   2   2   2   2   
2   2   2   2   2   2   2   2   2   2   2   2   2   1   1   203 2   5   2   2   3   3   3   204 2   2   2   2   2   2   2   2   2   2   2   2   2   2   2   2   2   2   2   2   2   2   2   2   2   2   3   3   3   205 2   5   2   2   1   1   2   2   2   2   2   2   2   2   2   2   2   2   2   
2   2   2   2   2   2   2   2   2   2   2   2   2   1   1   2   2   2   2   2   3   3   3   2   2   2   2   2   2   2   2   2   2   2   2   2   2   2   2   2   2   2   2   2   2   206 2   2   2   2   3   3   3   2   2   2   2   2   1   1   2   2   2   2   2   2   2   2   2   2   2   2   2   
2   2   2   2   2   2   2   2   2   2   2   2   2   1   1   2   2   5   2   2   3   3   3   2   2   2   2   2   2   2   2   2   2   2   2   2   2   2   2   2   2   2   2   2   2   2   2   2   2   2   3   3   3   2   2   5   2   2   1   1   2   2   2   2   2   2   2   2   2   2   2   2   2   
2   2   2   2   2   2   2   2   2   2   2   2   2   1   1   207 2   2   2   2   3   3   3   208 2   2   2   2   3   3   3   3   3   3   3   3   3   3   3   3   3   3   3   3   3   2   2   2   2   2   3   3   3   209 2   2   2   2   1   1   2   2   2   2   2   2   2   2   2   2   2   2   2   
1   1   1   1   1   1   1   1   1   1   1   1   1   1   1   2   2   5   2   2   3   3   3   2   2   2   2   2   3   3   3   3   3   3   3   3   3   3   3   3   3   3   3   3   3   210 2   2   2   2   3   3   3   2   2   5   2   2   1   1   1   1   1   1   1   1   1   1   1   1   1   1   1   
1   1   1   1   1   1   1   1   1   1   1   1   1   1   1   2   2   2   2   2   3   3   3   2   2   2   2   2   3   3   3   3   3   3   3   3   3   3   3   3   3   3   3   3   3   2   2   2   2   2   3   3   3   2   2   2   2   2   1   1   1   1   1   1   1   1   1   1   1   1   1   1   1   
1   1   211 212 2   2   213 2   2   214 2   2   215 2   2   216 2   2   217 2   2   218 2   219 2   2   220 2   2   221 222 2   2   2   2   3   3   3   223 224 2   2   225 2   2   226 2   227 2   2   228 2   2   229 2   2   230 2   2   231 2   2   232 2   2   233 234 2   2   2   2   1   1   
1   1   2   2   2   2   2   2   2   2   2   2   2   2   2   2   2   2   2   2   2   2   2   2   2   2   2   2   2   2   2   2   2   2   2   3   3   3   2   2   2   2   2   2   2   2   2   2   2   2   2   2   2   2   2   2   2   2   2   2   2   2   2   2   2   2   2   2   2   2   2   1   1   
1   1   2   2   2   5   2   5   2   5   2   5   2   5   2   2   2   5   2   5   2   5   2   5   2   5   2   5   2   5   2   5   2   2   2   3   3   3   235 2   2   5   2   5   2   5   2   5   2   5   2   5   2   2   2   5   2   5   2   5   2   5   2   5   2   5   2   5   2   2   2   1   1   
1   1   236 2   5   2   2   2   2   2   2   2   2   2   2   237 2   2   2   2   2   2   2   2   2   2   2   2   2   2   238 2   5   2   2   3   3   3   2   2   5   2   2   2   2   2   2   2   2   2   2   2   2   239 2   2   2   2   2   2   2   2   2   2   2   2   240 2   5   2   2   1   1   
1   1   2   2   2   2   2   2   2   2   2   2   2   2   2   2   2   5   2   2   2   2   2   2   2   2   2   2   2   2   2   2   2   2   2   3   3   3   241 2   2   2   2   2   2   2   2   2   2   2   2   2   2   2   2   5   2   2   2   2   2   2   2   2   2   2   2   2   2   2   2   1   1   
1   1   2   2   5   2   2   3   3   3   3   3   3   3   3   2   2   2   2   2   3   3   3   3   3   3   3   3   3   3   2   2   5   2   2   3   3   3   2   2   5   2   2   3   3   3   3   3   3   3   3   3   3   2   2   2   2   2   3   3   3   3   3   3   3   3   2   2   5   2   2   1   1   
1   1   242 2   2   2   2   3   3   3   3   3   3   3   3   243 2   5   2   2   3   3   3   3   3   3   3   3   3   3   244 2   2   2   2   3   3   3   2   2   2   2   2   3   3   3   3   3   3   3   3   3   3   245 2   5   2   2   3   3   3   3   3   3   3   3   246 2   2   2   2   1   1   
1   1   2   2   5   2   2   3   3   3   3   3   3   3   3   2   2   2   2   2   3   3   3   3   3   3   3   3   3   3   2   2   5   2   2   3   3   3   247 2   5   2   2   3   3   3   3   3   3   3   3   3   3   2   2   2   2   2   3   3   3   3   3   3   3   3   2   2   5   2   2   1   1   
1   1   248 2   2   249 2   250 2   2   2   2   3   3   3   251 2   252 2   2   253 2   2   254 255 2   2   256 257 2   258 2   259 2   2   260 2   2   261 262 2   2   263 2   2   264 2   265 2   2   266 2   2   267 2   5   2   2   3   3   3   268 2   269 2   2   270 2   2   2   2   1   1   
1   1   2   2   5   2   2   2   2   2   2   2   3   3   3   2   2   2   2   2   2   2   2   2   2   2   2   2   2   2   2   2   5   2   2   2   2   2   2   2   5   2   2   2   2   2   2   2   2   2   2   2   2   2   2   2   2   2   3   3   3   2   2   2   2   2   2   2   5   2   2   1   1   
1   1   2   2   2   6   2   2   2   5   2   2   3   3   3   2   2   5   2   5   2   5   2   2   2   5   2   5   2   5   2   5   2   2   2   2   2   2   2   2   2   5   2   5   2   2   2   5   2   5   2   5   2   2   2   5   2   2   3   3   3   2   2   5   2   5   2   6   2   2   2   1   1   
1   1   2   2   2   2   2   271 2   2   2   2   3   3   3   272 2   2   2   2   2   2   2   273 2   5   2   2   2   2   2   2   2   2   2   2   2   2   2   2   2   2   2   2   2   274 2   2   2   2   2   2   2   275 2   2   2   2   3   3   3   276 2   2   2   2   2   2   2   2   2   1   1   
1   1   2   2   2   2   2   2   2   5   2   2   3   3   3   2   2   5   2   2   2   2   2   2   2   2   2   2   2   2   2   2   2   2   2   2   2   2   2   2   2   2   2   2   2   2   2   5   2   2   2   2   2   2   2   5   2   2   3   3   3   2   2   5   2   2   2   2   2   2   2   1   1   
1   1   1   1   1   1   1   2   2   2   2   2   3   3   3   2   2   2   2   2   2   2   2   2   2   5   2   2   3   3   3   3   3   3   3   3   3   3   3   3   3   3   3   3   3   2   2   2   2   2   3   3   3   2   2   2   2   2   3   3   3   2   2   2   2   2   1   1   1   1   1   1   1   
1   1   1   1   1   1   1   277 2   5   2   2   3   3   3   278 2   5   2   2   2   2   2   279 2   2   2   2   3   3   3   3   3   3   3   3   3   3   3   3   3   3   3   3   3   280 2   5   2   2   3   3   3   281 2   5   2   2   3   3   3   282 2   5   2   2   1   1   1   1   1   1   1   
1   1   1   1   1   1   1   2   2   2   2   2   3   3   3   2   2   2   2   2   3   3   3   2   2   5   2   2   3   3   3   3   3   3   3   3   3   3   3   3   3   3   3   3   3   2   2   2   2   2   3   3   3   2   2   2   2   2   3   3   3   2   2   2   2   2   1   1   1   1   1   1   1   
1   1   283 2   284 2   2   285 2   286 2   2   287 2   2   288 2   5   2   2   3   3   3   289 2   2   290 2   2   291 292 2   2   2   2   3   3   3   293 294 2   2   295 2   2   296 2   5   2   2   3   3   3   297 2   2   298 2   2   299 2   300 2   301 2   2   302 2   2   2   2   1   1   
1   1   2   2   2   2   2   2   2   2   2   2   2   2   2   2   2   2   2   2   3   3   3   2   2   5   2   2   2   2   2   2   2   2   2   3   3   3   2   2   2   2   2   2   2   2   2   2   2   2   3   3   3   2   2   2   2   2   2   2   2   2   2   2   2   2   2   2   2   2   2   1   1   
1   1   2   2   2   5   2   5   2   5   2   5   2   5   2   5   2   5   2   2   3   3   3   2   2   2   5   2   5   2   2   2   2   2   2   3   3   3   2   2   2   5   2   5   2   5   2   5   2   2   3   3   3   2   2   5   2   5   2   5   2   5   2   5   2   5   2   5   2   2   2   1   1   
1   1   303 2   5   2   2   2   2   2   2   2   2   2   2   2   2   2   2   2   3   3   3   2   2   2   2   2   2   2   304 2   5   2   2   3   3   3   305 2   5   2   2   2   2   2   2   2   2   2   3   3   3   2   2   2   2   2   2   2   2   2   2   2   2   2   306 2   5   2   2   1   1   
1   1   2   2   2   2   2   2   2   2   2   2   2   2   2   2   2   2   2   2   3   3   3   2   2   2   2   2   2   2   2   2   2   2   2   3   3   3   2   2   2   2   2   2   2   2   2   2   2   2   3   3   3   2   2   2   2   2   2   2   2   2   2   2   2   2   2   2   2   2   2   1   1   
1   1   2   2   5   2   2   3   3   3   3   3   3   3   3   3   3   3   3   3   3   3   3   3   3   3   3   3   3   3   2   2   5   2   2   3   3   3   2   2   5   2   2   3   3   3   3   3   3   3   3   3   3   3   3   3   3   3   3   3   3   3   3   3   3   3   307 2   5   2   2   1   1   
1   1   308 2   2   2   2   3   3   3   3   3   3   3   3   3   3   3   3   3   3   3   3   3   3   3   3   3   3   3   309 2   2   2   2   3   3   3   310 2   2   2   2   3   3   3   3   3   3   3   3   3   3   3   3   3   3   3   3   3   3   3   3   3   3   3   2   2   2   2   2   1   1   
1   1   2   2   5   2   2   3   3   3   3   3   3   3   3   3   3   3   3   3   3   3   3   3   3   3   3   3   3   3   2   2   5   2   2   3   3   3   2   2   5   2   2   3   3   3   3   3   3   3   3   3   3   3   3   3   3   3   3   3   3   3   3   3   3   3   2   2   5   2   2   1   1   
1   1   311 312 2   2   313 2   2   314 2   2   315 2   2   316 2   2   317 2   2   318 2   2   319 2   2   320 2   2   321 2   322 2   2   323 2   2   324 325 2   2   326 2   2   327 2   2   328 2   2   329 2   2   330 2   2   331 2   2   332 2   2   333 2   2   334 2   2   2   2   1   1   
1   1   2   2   5   2   2   2   2   2   2   2   2   2   2   2   2   2   2   2   2   2   2   2   2   2   2   2   2   2   2   2   5   2   2   2   2   2   2   2   5   2   2   2   2   2   2   2   2   2   2   2   2   2   2   2   2   2   2   2   2   2   2   2   2   2   2   2   5   2   2   1   1   
1   1   2   2   2   5   2   5   2   5   2   5   2   5   2   5   2   5   2   5   2   5   2   5   2   5   2   5   2   5   2   5   2   5   2   5   2   5   2   5   2   5   2   5   2   5   2   5   2   5   2   5   2   5   2   5   2   5   2   5   2   5   2   5   2   5   2   5   2   2   2   1   1   
1   1   2   2   2   2   2   2   2   2   2   2   2   2   2   2   2   2   2   2   2   2   2   2   2   2   2   2   2   2   2   2   2   2   2   2   2   2   2   2   2   2   2   2   2   2   2   2   2   2   2   2   2   2   2   2   2   2   2   2   2   2   2   2   2   2   2   2   2   2   2   1   1   
1   1   2   2   2   2   2   2   2   2   2   2   2   2   2   2   2   2   2   2   2   2   2   2   2   2   2   2   2   2   2   2   2   2   2   2   2   2   2   2   2   2   2   2   2   2   2   2   2   2   2   2   2   2   2   2   2   2   2   2   2   2   2   2   2   2   2   2   2   2   2   1   1   
1   1   1   1   1   1   1   1   1   1   1   1   1   1   1   1   1   1   1   1   1   1   1   1   1   1   1   1   1   1   1   1   1   1   1   1   1   1   1   1   1   1   1   1   1   1   1   1   1   1   1   1   1   1   1   1   1   1   1   1   1   1   1   1   1   1   1   1   1   1   1   1   1   
1   1   1   1   1   1   1   1   1   1   1   1   1   1   1   1   1   1   1   1   1   1   1   1   1   1   1   1   1   1   1   1   1   1   1   1   1   1   1   1   1   1   1   1   1   1   1   1   1   1   1   1   1   1   1   1   1   1   1   1   1   1   1   1   1   1   1   1   1   1   1   1   1   
